0 250 100 45 9
-100 300 100 45 9
0 350 100 45 9
100 400 100 45 9
-100 475 100 45 9
0 550 100 45 9
50 625 100 45 9
-40 700 100 45 9
0 775 100 45 9
50 850 100 45 9
-30 925 100 45 9
80 1000 100 45 9
0 1075 100 45 9
-50 1150 100 45 9
50 1225 100 45 9
0 1300 100 45 9
0 1375 100 45 9
-70 1450 100 45 9
50 1525 100 45 9
0 1600 100 45 9
-50 1675 100 45 8
90 1750 100 45 8
0 1825 100 45 8
-50 1900 100 45 8
-100 1975 100 45 8
-20 2050 100 45 8
50 2125 100 45 8
-50 2200 100 45 8
0 2275 100 45 8
80 2325 100 45 8
0 2400 100 45 8
-50 2475 100 45 8
50 2550 100 45 8
-40 2625 100 45 8
0 2700 100 45 8
60 2775 100 45 8
-30 2850 100 45 8
50 2925 100 45 8
-60 3000 100 45 8
0 3075 100 45 8
40 3150 100 45 8
100 3225 100 45 8
-50 3300 100 45 8
50 3375 100 45 8
0 3450 100 45 8
-90 3525 100 45 8
70 3600 100 69 20
-50 3675 100 70 25
-50 3695 100 70 25
-50 3715 100 70 25
120 3735 100 70 25
100 3755 100 70 25
0 3775 100 70 25
-80 3795 100 70 25
50 3815 100 70 25
-70 3835 100 70 25
95 3865 100 70 25
0 3905 100 70 25
-120 3945 100 70 25
80  3975 100 70 25
-50 4005 100 70 25
0 4035 100 70 25
70 4095 100 70 25
-60 4125 100 70 25
40 4165 100 70 25
40 4195 100 70 25
-30 4225 100 70 25
-100 4265 100 70 25
0 4295 100 70 25
80 4325 100 70 25
-50 4355 100 70 25
60 4395 100 70 25
60 4425 100 70 25
-40 4465 100 70 25
-100 4495 100 70 25
0 4525 100 70 25
-50 4565 100 70 25
-100 4605 100 70 25
-100 4635 100 70 25
-30 4675 100 70 25
80 4705 100 70 25
0 4745 100 70 25
-80 4785 100 70 25
30 4825 100 70 25
30 4855 100 70 25
-100 4895 100 70 25
10 4925 100 70 25
-90 4965 100 70 25
-90 5005 100 70 25
0 5035 100 70 25
90 5065 100 70 25