0 600 70 60 13
100 650 70 50 13
100 660 70 50 13
100 670 70 50 13
100 680 70 50 13
100 690 70 50 13
0 700 70 60 15
0 800 70 50 15
-10 850 70 50 14
50 900 70 50 14
50 910 70 50 14
50 920 70 50 14
0 950 70 50 14
10 970 70 50 14
20 1000 70 50 13
20 1030 70 50 13
-20 1070 70 50 13
0 1100 70 50 13
50 1120 70 50 13
50 1160 70 60 14
100 1190 70 50 13
100 1220 70 50 13
100 1260 70 50 13
100 1290 70 60 14
50 1330 70 50 13
50 1370 70 50 13
50 1400 70 50 13
50 1430 70 60 14
0 1470 70 50 13
0 1500 70 50 13
0 1530 70 50 13
0 1550 70 60 14
-50 1590 70 50 13
-50 1630 70 50 13
-50 1670 70 50 13
-50 1700 70 50 13
70 1720 70 60 13
70 1760 70 50 13
70 1790 70 50 13
70 1820 70 60 13
0 1850 70 50 13
0 1880 70 50 13
0 1910 70 50 13
0 1940 70 60 15
-50 1970 70 50 13
-50 2000 70 50 15
-50 2030 70 50 15
-50 2060 70 60 15
0 2090 70 50 15
0 2120 70 50 15
0 2150 70 50 15
0 2180 70 60 15
70 2210 70 50 15
70 2240 70 50 15
70 2270 70 50 15
70 2300 70 50 15
70 2330 70 60 15
-10 2350 70 50 15
-10 2380 70 50 15
-10 2410 70 70 15
-10 2540 70 50 15
20 2550 70 60 15
70 2565 70 60 15
50 2590 70 60 15
0 2630 70 50 15
0 2660 70 50 15
0 2690 70 50 15
0 2720 70 60 15
-50 2750 70 50 34
-50 2770 70 50 34
-50 2780 70 50 34
-50 2790 70 50 34
0 2830 70 50 15
0 2840 70 50 15
0 2850 70 50 24
0 2900 70 50 24
0 2910 70 50 24
0 2920 70 70 24
100 2960 70 50 15
100 2990 70 50 15
100 3020 70 50 15
100 3050 70 60 15
-50 3080 70 50 15
-50 3110 70 50 15
-50 3140 70 50 15
-50 3170 70 60 15
70 3210 70 50 15
100 3220 70 50 24
100 3230 70 50 24
100 3240 70 50 24
0 3250 70 60 24
-10 3270 70 50 24
-10 3280 70 50 24
-10 3290 70 60 24
20 3340 70 50 24
70 3370 70 50 24
100 3400 70 60 24
50 3430 70 60 24
0 3460 70 50 5
-10 3520 70 90 50